{
 "cells": [
  {
   "cell_type": "markdown",
   "source": [
    "# 100 numpy exercises\n",
    "\n",
    "This is a collection of exercises that have been collected in the numpy mailing list, on stack overflow\n",
    "and in the numpy documentation. The goal of this collection is to offer a quick reference for both old\n",
    "and new users but also to provide a set of exercises for those who teach.\n",
    "\n",
    "\n",
    "If you find an error or think you've a better way to solve some of them, feel\n",
    "free to open an issue at <https://github.com/rougier/numpy-100>."
   ],
   "metadata": {
    "collapsed": false
   }
  },
  {
   "cell_type": "markdown",
   "source": [
    "#### 34. How to get all the dates corresponding to the month of July 2016? (★★☆)"
   ],
   "metadata": {
    "collapsed": false
   }
  },
  {
   "cell_type": "code",
   "execution_count": 14,
   "outputs": [
    {
     "name": "stdout",
     "output_type": "stream",
     "text": [
      "['2016-07-01' '2016-07-02' '2016-07-03' '2016-07-04' '2016-07-05'\n",
      " '2016-07-06' '2016-07-07' '2016-07-08' '2016-07-09' '2016-07-10'\n",
      " '2016-07-11' '2016-07-12' '2016-07-13' '2016-07-14' '2016-07-15'\n",
      " '2016-07-16' '2016-07-17' '2016-07-18' '2016-07-19' '2016-07-20'\n",
      " '2016-07-21' '2016-07-22' '2016-07-23' '2016-07-24' '2016-07-25'\n",
      " '2016-07-26' '2016-07-27' '2016-07-28' '2016-07-29' '2016-07-30'\n",
      " '2016-07-31']\n"
     ]
    }
   ],
   "source": [
    "import numpy as np\n",
    "data = np.arange('2016-07','2016-08', dtype='datetime64[D]')\n",
    "print(data)"
   ],
   "metadata": {
    "collapsed": false,
    "pycharm": {
     "name": "#%%\n"
    }
   }
  },
  {
   "cell_type": "markdown",
   "source": [
    "#### 35. How to compute ((A+B)*(-A/2)) in place (without copy)? (★★☆)"
   ],
   "metadata": {
    "collapsed": false
   }
  },
  {
   "cell_type": "code",
   "execution_count": 15,
   "outputs": [
    {
     "data": {
      "text/plain": "array([-1.5, -1.5, -1.5])"
     },
     "execution_count": 15,
     "metadata": {},
     "output_type": "execute_result"
    }
   ],
   "source": [
    "A = np.ones(3) * 1\n",
    "B = np.ones(3) * 2\n",
    "C = np.ones(3) * 3\n",
    "np.add(A, B, out=B)\n",
    "np.divide(A, 2, out=A)\n",
    "np.negative(A, out=A)\n",
    "np.multiply(A, B, out=A)"
   ],
   "metadata": {
    "collapsed": false,
    "pycharm": {
     "name": "#%%\n"
    }
   }
  },
  {
   "cell_type": "markdown",
   "source": [
    "#### 36. Extract the integer part of a random array of positive numbers using 4 different methods (★★☆)"
   ],
   "metadata": {
    "collapsed": false
   }
  },
  {
   "cell_type": "code",
   "execution_count": 16,
   "outputs": [
    {
     "data": {
      "text/plain": "array([ 4.,  2., -8., -5., -1.,  1., -2., -8., -2.,  7.])"
     },
     "execution_count": 16,
     "metadata": {},
     "output_type": "execute_result"
    }
   ],
   "source": [
    "x = np.random.uniform(-10, +10, 10)\n",
    "x.astype(np.int32)\n",
    "np.trunc(x)"
   ],
   "metadata": {
    "collapsed": false,
    "pycharm": {
     "name": "#%%\n"
    }
   }
  },
  {
   "cell_type": "markdown",
   "source": [
    "#### 37. Create a 5x5 matrix with row values ranging from 0 to 4 (★★☆)"
   ],
   "metadata": {
    "collapsed": false
   }
  },
  {
   "cell_type": "code",
   "execution_count": 19,
   "outputs": [
    {
     "name": "stdout",
     "output_type": "stream",
     "text": [
      "[[0. 1. 2. 3. 4.]\n",
      " [0. 1. 2. 3. 4.]\n",
      " [0. 1. 2. 3. 4.]\n",
      " [0. 1. 2. 3. 4.]\n",
      " [0. 1. 2. 3. 4.]]\n"
     ]
    }
   ],
   "source": [
    "data = np.zeros((5,5))\n",
    "data += np.arange(5)\n",
    "print(data)"
   ],
   "metadata": {
    "collapsed": false,
    "pycharm": {
     "name": "#%%\n"
    }
   }
  },
  {
   "cell_type": "markdown",
   "source": [
    "#### 38. Consider a generator function that generates 10 integers and use it to build an array (★☆☆)"
   ],
   "metadata": {
    "collapsed": false
   }
  },
  {
   "cell_type": "code",
   "execution_count": 20,
   "outputs": [
    {
     "data": {
      "text/plain": "array([0., 1., 2., 3., 4., 5., 6., 7., 8., 9.], dtype=float32)"
     },
     "execution_count": 20,
     "metadata": {},
     "output_type": "execute_result"
    }
   ],
   "source": [
    "def generate_integers():\n",
    "    for i in range(10):\n",
    "        yield i\n",
    "np.fromiter(generate_integers(), dtype=np.float32, count=-1)"
   ],
   "metadata": {
    "collapsed": false,
    "pycharm": {
     "name": "#%%\n"
    }
   }
  },
  {
   "cell_type": "markdown",
   "source": [
    "#### 39. Create a vector of size 10 with values ranging from 0 to 1, both excluded (★★☆)"
   ],
   "metadata": {
    "collapsed": false
   }
  },
  {
   "cell_type": "code",
   "execution_count": 21,
   "outputs": [
    {
     "data": {
      "text/plain": "array([0. , 1.1, 2.2, 3.3, 4.4, 5.5, 6.6, 7.7, 8.8, 9.9])"
     },
     "execution_count": 21,
     "metadata": {},
     "output_type": "execute_result"
    }
   ],
   "source": [
    "np.linspace(start=0, stop=11, num=10, endpoint=False)"
   ],
   "metadata": {
    "collapsed": false,
    "pycharm": {
     "name": "#%%\n"
    }
   }
  },
  {
   "cell_type": "markdown",
   "source": [
    "#### 40. Create a random vector of size 10 and sort it (★★☆)"
   ],
   "metadata": {
    "collapsed": false
   }
  },
  {
   "cell_type": "code",
   "execution_count": 24,
   "outputs": [
    {
     "name": "stdout",
     "output_type": "stream",
     "text": [
      "[0.02850345 0.07818469 0.24369036 0.36856617 0.44717352 0.5837625\n",
      " 0.65662022 0.80809359 0.83449615 0.9864862 ]\n"
     ]
    }
   ],
   "source": [
    "x = np.random.random(size=10)\n",
    "x.sort()\n",
    "print(x)"
   ],
   "metadata": {
    "collapsed": false,
    "pycharm": {
     "name": "#%%\n"
    }
   }
  },
  {
   "cell_type": "markdown",
   "source": [
    "#### 41. How to sum a small array faster than np.sum? (★★☆)"
   ],
   "metadata": {
    "collapsed": false
   }
  },
  {
   "cell_type": "code",
   "execution_count": 25,
   "outputs": [
    {
     "name": "stdout",
     "output_type": "stream",
     "text": [
      "3.99017333984375\n",
      "3.9892196655273438\n"
     ]
    }
   ],
   "source": [
    "import time\n",
    "\n",
    "begin_time = time.time()\n",
    "x = np.arange(1000000)\n",
    "np.sum(x)\n",
    "end_time = time.time()\n",
    "print(str(1000*(end_time - begin_time)))\n",
    "\n",
    "begin_time2 = time.time()\n",
    "x = np.arange(1000000)\n",
    "np.add.reduce(x)\n",
    "end_time2 = time.time()\n",
    "print(str(1000*(end_time2 - begin_time2)))"
   ],
   "metadata": {
    "collapsed": false,
    "pycharm": {
     "name": "#%%\n"
    }
   }
  },
  {
   "cell_type": "markdown",
   "source": [
    "#### 42. Consider two random array A and B, check if they are equal (★★☆)"
   ],
   "metadata": {
    "collapsed": false
   }
  },
  {
   "cell_type": "code",
   "execution_count": 26,
   "outputs": [
    {
     "data": {
      "text/plain": "True"
     },
     "execution_count": 26,
     "metadata": {},
     "output_type": "execute_result"
    }
   ],
   "source": [
    "A = np.arange(10)\n",
    "B = np.arange(10)\n",
    "np.array_equal(A, B)"
   ],
   "metadata": {
    "collapsed": false,
    "pycharm": {
     "name": "#%%\n"
    }
   }
  },
  {
   "cell_type": "markdown",
   "source": [
    "#### 43. Make an array immutable (read-only) (★★☆)"
   ],
   "metadata": {
    "collapsed": false
   }
  },
  {
   "cell_type": "code",
   "execution_count": 28,
   "outputs": [
    {
     "ename": "ValueError",
     "evalue": "assignment destination is read-only",
     "output_type": "error",
     "traceback": [
      "\u001B[1;31m---------------------------------------------------------------------------\u001B[0m",
      "\u001B[1;31mValueError\u001B[0m                                Traceback (most recent call last)",
      "\u001B[1;32m<ipython-input-28-3a760b7885f1>\u001B[0m in \u001B[0;36m<module>\u001B[1;34m\u001B[0m\n\u001B[0;32m      1\u001B[0m \u001B[0mdata\u001B[0m \u001B[1;33m=\u001B[0m \u001B[0mnp\u001B[0m\u001B[1;33m.\u001B[0m\u001B[0mzeros\u001B[0m\u001B[1;33m(\u001B[0m\u001B[1;36m10\u001B[0m\u001B[1;33m)\u001B[0m\u001B[1;33m\u001B[0m\u001B[1;33m\u001B[0m\u001B[0m\n\u001B[0;32m      2\u001B[0m \u001B[0mdata\u001B[0m\u001B[1;33m.\u001B[0m\u001B[0mflags\u001B[0m\u001B[1;33m.\u001B[0m\u001B[0mwriteable\u001B[0m\u001B[1;33m=\u001B[0m \u001B[1;32mFalse\u001B[0m\u001B[1;33m\u001B[0m\u001B[1;33m\u001B[0m\u001B[0m\n\u001B[1;32m----> 3\u001B[1;33m \u001B[0mdata\u001B[0m\u001B[1;33m[\u001B[0m\u001B[1;36m0\u001B[0m\u001B[1;33m]\u001B[0m\u001B[1;33m=\u001B[0m\u001B[1;36m1\u001B[0m\u001B[1;33m\u001B[0m\u001B[1;33m\u001B[0m\u001B[0m\n\u001B[0m\u001B[0;32m      4\u001B[0m \u001B[1;33m\u001B[0m\u001B[0m\n",
      "\u001B[1;31mValueError\u001B[0m: assignment destination is read-only"
     ]
    }
   ],
   "source": [
    "data = np.zeros(10)\n",
    "data.flags.writeable= False\n",
    "data[0]=1"
   ],
   "metadata": {
    "collapsed": false,
    "pycharm": {
     "name": "#%%\n"
    }
   }
  },
  {
   "cell_type": "markdown",
   "source": [
    "#### 44. Consider a random 10x2 matrix representing cartesian coordinates, convert them to polar coordinates (★★☆)"
   ],
   "metadata": {
    "collapsed": false
   }
  },
  {
   "cell_type": "code",
   "execution_count": 29,
   "outputs": [
    {
     "name": "stdout",
     "output_type": "stream",
     "text": [
      "[0.29104382 1.0609464  0.77326574 0.96943387 0.56505016 0.96020592\n",
      " 0.97681104 0.88096745 0.77970976 1.24570378]\n",
      "[1.20991925 0.75296153 0.46698213 0.54705589 0.07423491 1.09029266\n",
      " 0.54427166 0.41934725 0.93682194 0.6791674 ]\n"
     ]
    }
   ],
   "source": [
    "Z = np.random.random((10, 2))\n",
    "X, Y = Z[:, 0], Z[:, 1]\n",
    "R = np.sqrt(X ** 2 + Y ** 2)\n",
    "T = np.arctan2(Y, X)\n",
    "print(R)\n",
    "print(T)"
   ],
   "metadata": {
    "collapsed": false,
    "pycharm": {
     "name": "#%%\n"
    }
   }
  },
  {
   "cell_type": "markdown",
   "source": [
    "#### 45. Create random vector of size 10 and replace the maximum value by 0 (★★☆)"
   ],
   "metadata": {
    "collapsed": false
   }
  },
  {
   "cell_type": "code",
   "execution_count": 30,
   "outputs": [],
   "source": [
    "x = np.random.random(10)\n",
    "x[x == np.max(x)] = 0\n",
    "x[x.argmax()] = 0"
   ],
   "metadata": {
    "collapsed": false,
    "pycharm": {
     "name": "#%%\n"
    }
   }
  },
  {
   "cell_type": "markdown",
   "source": [
    "#### 46. Create a structured array with `x` and `y` coordinates covering the [0,1]x[0,1] area (★★☆)"
   ],
   "metadata": {
    "collapsed": false
   }
  },
  {
   "cell_type": "code",
   "execution_count": 31,
   "outputs": [],
   "source": [
    "z = np.zeros((5, 5), [('x', float), ('y', float)])\n",
    "z['x'], z['y'] = np.meshgrid(np.linspace(0, 1, 5), np.linspace(0, 1, 5))\n"
   ],
   "metadata": {
    "collapsed": false,
    "pycharm": {
     "name": "#%%\n"
    }
   }
  },
  {
   "cell_type": "markdown",
   "source": [
    "#### 47. Given two arrays, X and Y, construct the Cauchy matrix C (Cij =1/(xi - yj)) (★★☆)"
   ],
   "metadata": {
    "collapsed": false
   }
  },
  {
   "cell_type": "code",
   "execution_count": 32,
   "outputs": [
    {
     "data": {
      "text/plain": "array([[ 8.57712305e+06,  1.52027704e+05,  8.88821536e+05,\n        -1.83305942e+06,  5.35386671e+05],\n       [ 9.93937363e+04,  1.98632023e+05, -1.15410031e+05,\n         2.75046194e+03, -3.48996913e+04],\n       [ 2.71143504e+03, -3.99243751e+02,  1.82249441e+07,\n        -4.47383849e+06,  1.39075755e+05],\n       [ 1.19489739e+06, -6.07870257e+07,  9.56840889e+04,\n         4.10337769e+03, -3.24982350e+04],\n       [ 1.03422069e+05,  3.04360116e+03, -2.49817126e+05,\n         1.94683853e+05, -5.45264384e+06]])"
     },
     "execution_count": 32,
     "metadata": {},
     "output_type": "execute_result"
    }
   ],
   "source": [
    "x = np.random.random((5, 5))\n",
    "y = np.random.random((5, 5))\n",
    "c = 1 / (x - y)\n",
    "c = 1 / np.subtract.outer(x, y)\n",
    "np.linalg.det(c)"
   ],
   "metadata": {
    "collapsed": false,
    "pycharm": {
     "name": "#%%\n"
    }
   }
  },
  {
   "cell_type": "markdown",
   "source": [
    "#### 48. Print the minimum and maximum representable value for each numpy scalar type (★★☆)"
   ],
   "metadata": {
    "collapsed": false
   }
  },
  {
   "cell_type": "code",
   "execution_count": 33,
   "outputs": [
    {
     "name": "stdout",
     "output_type": "stream",
     "text": [
      "-128\n",
      "127\n",
      "-2147483648\n",
      "2147483647\n",
      "-9223372036854775808\n",
      "9223372036854775807\n",
      "-3.4028235e+38\n",
      "3.4028235e+38\n",
      "1.1920929e-07\n",
      "-1.7976931348623157e+308\n",
      "1.7976931348623157e+308\n",
      "2.220446049250313e-16\n"
     ]
    }
   ],
   "source": [
    "for dtype in [np.int8, np.int32, np.int64]:\n",
    "    print(np.iinfo(dtype).min)\n",
    "    print(np.iinfo(dtype).max)\n",
    "for dtype in [np.float32, np.float64]:\n",
    "    print(np.finfo(dtype).min)\n",
    "    print(np.finfo(dtype).max)\n",
    "    print(np.finfo(dtype).eps)"
   ],
   "metadata": {
    "collapsed": false,
    "pycharm": {
     "name": "#%%\n"
    }
   }
  },
  {
   "cell_type": "markdown",
   "source": [
    "#### 49. How to print all the values of an array? (★★☆)"
   ],
   "metadata": {
    "collapsed": false
   }
  },
  {
   "cell_type": "code",
   "execution_count": 35,
   "outputs": [
    {
     "ename": "ValueError",
     "evalue": "threshold must be non-NAN, try sys.maxsize for untruncated representation",
     "output_type": "error",
     "traceback": [
      "\u001B[1;31m---------------------------------------------------------------------------\u001B[0m",
      "\u001B[1;31mValueError\u001B[0m                                Traceback (most recent call last)",
      "\u001B[1;32m<ipython-input-35-9a604c9a303f>\u001B[0m in \u001B[0;36m<module>\u001B[1;34m\u001B[0m\n\u001B[1;32m----> 1\u001B[1;33m \u001B[0mnp\u001B[0m\u001B[1;33m.\u001B[0m\u001B[0mset_printoptions\u001B[0m\u001B[1;33m(\u001B[0m\u001B[0mthreshold\u001B[0m\u001B[1;33m=\u001B[0m\u001B[0mnp\u001B[0m\u001B[1;33m.\u001B[0m\u001B[0mnan\u001B[0m\u001B[1;33m)\u001B[0m\u001B[1;33m\u001B[0m\u001B[1;33m\u001B[0m\u001B[0m\n\u001B[0m\u001B[0;32m      2\u001B[0m \u001B[0mdata\u001B[0m \u001B[1;33m=\u001B[0m \u001B[0mnp\u001B[0m\u001B[1;33m.\u001B[0m\u001B[0mzeros\u001B[0m\u001B[1;33m(\u001B[0m\u001B[1;33m(\u001B[0m\u001B[1;36m10\u001B[0m\u001B[1;33m,\u001B[0m\u001B[1;36m10\u001B[0m\u001B[1;33m)\u001B[0m\u001B[1;33m)\u001B[0m\u001B[1;33m\u001B[0m\u001B[1;33m\u001B[0m\u001B[0m\n\u001B[0;32m      3\u001B[0m \u001B[0mprint\u001B[0m\u001B[1;33m(\u001B[0m\u001B[0mdata\u001B[0m\u001B[1;33m)\u001B[0m\u001B[1;33m\u001B[0m\u001B[1;33m\u001B[0m\u001B[0m\n",
      "\u001B[1;32mc:\\users\\admin\\appdata\\local\\programs\\python\\python36\\lib\\site-packages\\numpy\\core\\arrayprint.py\u001B[0m in \u001B[0;36mset_printoptions\u001B[1;34m(precision, threshold, edgeitems, linewidth, suppress, nanstr, infstr, formatter, sign, floatmode, legacy)\u001B[0m\n\u001B[0;32m    243\u001B[0m     opt = _make_options_dict(precision, threshold, edgeitems, linewidth,\n\u001B[0;32m    244\u001B[0m                              \u001B[0msuppress\u001B[0m\u001B[1;33m,\u001B[0m \u001B[0mnanstr\u001B[0m\u001B[1;33m,\u001B[0m \u001B[0minfstr\u001B[0m\u001B[1;33m,\u001B[0m \u001B[0msign\u001B[0m\u001B[1;33m,\u001B[0m \u001B[0mformatter\u001B[0m\u001B[1;33m,\u001B[0m\u001B[1;33m\u001B[0m\u001B[1;33m\u001B[0m\u001B[0m\n\u001B[1;32m--> 245\u001B[1;33m                              floatmode, legacy)\n\u001B[0m\u001B[0;32m    246\u001B[0m     \u001B[1;31m# formatter is always reset\u001B[0m\u001B[1;33m\u001B[0m\u001B[1;33m\u001B[0m\u001B[1;33m\u001B[0m\u001B[0m\n\u001B[0;32m    247\u001B[0m     \u001B[0mopt\u001B[0m\u001B[1;33m[\u001B[0m\u001B[1;34m'formatter'\u001B[0m\u001B[1;33m]\u001B[0m \u001B[1;33m=\u001B[0m \u001B[0mformatter\u001B[0m\u001B[1;33m\u001B[0m\u001B[1;33m\u001B[0m\u001B[0m\n",
      "\u001B[1;32mc:\\users\\admin\\appdata\\local\\programs\\python\\python36\\lib\\site-packages\\numpy\\core\\arrayprint.py\u001B[0m in \u001B[0;36m_make_options_dict\u001B[1;34m(precision, threshold, edgeitems, linewidth, suppress, nanstr, infstr, sign, formatter, floatmode, legacy)\u001B[0m\n\u001B[0;32m     84\u001B[0m             \u001B[1;32mraise\u001B[0m \u001B[0mTypeError\u001B[0m\u001B[1;33m(\u001B[0m\u001B[1;34m\"threshold must be numeric\"\u001B[0m\u001B[1;33m)\u001B[0m\u001B[1;33m\u001B[0m\u001B[1;33m\u001B[0m\u001B[0m\n\u001B[0;32m     85\u001B[0m         \u001B[1;32mif\u001B[0m \u001B[0mnp\u001B[0m\u001B[1;33m.\u001B[0m\u001B[0misnan\u001B[0m\u001B[1;33m(\u001B[0m\u001B[0mthreshold\u001B[0m\u001B[1;33m)\u001B[0m\u001B[1;33m:\u001B[0m\u001B[1;33m\u001B[0m\u001B[1;33m\u001B[0m\u001B[0m\n\u001B[1;32m---> 86\u001B[1;33m             raise ValueError(\"threshold must be non-NAN, try \"\n\u001B[0m\u001B[0;32m     87\u001B[0m                              \"sys.maxsize for untruncated representation\")\n\u001B[0;32m     88\u001B[0m     \u001B[1;32mreturn\u001B[0m \u001B[0moptions\u001B[0m\u001B[1;33m\u001B[0m\u001B[1;33m\u001B[0m\u001B[0m\n",
      "\u001B[1;31mValueError\u001B[0m: threshold must be non-NAN, try sys.maxsize for untruncated representation"
     ]
    }
   ],
   "source": [
    "np.set_printoptions(threshold=np.nan)"
   ],
   "metadata": {
    "collapsed": false,
    "pycharm": {
     "name": "#%%\n"
    }
   }
  },
  {
   "cell_type": "markdown",
   "source": [
    "#### 50. How to find the closest value (to a given scalar) in a vector? (★★☆)"
   ],
   "metadata": {
    "collapsed": false
   }
  },
  {
   "cell_type": "code",
   "execution_count": 38,
   "outputs": [
    {
     "name": "stdout",
     "output_type": "stream",
     "text": [
      "[ 0  1  2  3  4  5  6  7  8  9 10 11 12 13 14 15 16 17 18 19 20 21 22 23\n",
      " 24 25 26 27 28 29 30 31 32 33 34 35 36 37 38 39 40 41 42 43 44 45 46 47\n",
      " 48 49 50 51 52 53 54 55 56 57 58 59 60 61 62 63 64 65 66 67 68 69 70 71\n",
      " 72 73 74 75 76 77 78 79 80 81 82 83 84 85 86 87 88 89 90 91 92 93 94 95\n",
      " 96 97 98 99]\n",
      "74.46191667010082\n",
      "74\n"
     ]
    }
   ],
   "source": [
    "data = np.arange(100)\n",
    "print(data)\n",
    "v = np.random.uniform(0,100)\n",
    "print(v)\n",
    "index = (np.abs(data - v)).argmin()\n",
    "print(data[index])"
   ],
   "metadata": {
    "collapsed": false,
    "pycharm": {
     "name": "#%%\n"
    }
   }
  },
  {
   "cell_type": "markdown",
   "source": [
    "#### 51. Create a structured array representing a position (x,y) and a color (r,g,b) (★★☆)"
   ],
   "metadata": {
    "collapsed": false
   }
  },
  {
   "cell_type": "code",
   "execution_count": 39,
   "outputs": [
    {
     "name": "stdout",
     "output_type": "stream",
     "text": [
      "[((0., 0.), (0., 0., 0.)) ((0., 0.), (0., 0., 0.))\n",
      " ((0., 0.), (0., 0., 0.)) ((0., 0.), (0., 0., 0.))\n",
      " ((0., 0.), (0., 0., 0.)) ((0., 0.), (0., 0., 0.))\n",
      " ((0., 0.), (0., 0., 0.)) ((0., 0.), (0., 0., 0.))\n",
      " ((0., 0.), (0., 0., 0.)) ((0., 0.), (0., 0., 0.))]\n"
     ]
    },
    {
     "name": "stderr",
     "output_type": "stream",
     "text": [
      "c:\\users\\admin\\appdata\\local\\programs\\python\\python36\\lib\\site-packages\\ipykernel_launcher.py:3: FutureWarning: Passing (type, 1) or '1type' as a synonym of type is deprecated; in a future version of numpy, it will be understood as (type, (1,)) / '(1,)type'.\n",
      "  This is separate from the ipykernel package so we can avoid doing imports until\n"
     ]
    }
   ],
   "source": [
    "position = ('position', [ ('x', float, 1),('y', float, 1)])\n",
    "color = ('color', [('r', float), ('g', float), ('b', float)])\n",
    "data = np.zeros(10,[position, color])\n",
    "print(data)"
   ],
   "metadata": {
    "collapsed": false,
    "pycharm": {
     "name": "#%%\n"
    }
   }
  },
  {
   "cell_type": "markdown",
   "source": [
    "#### 52. Consider a random vector with shape (100,2) representing coordinates, find point by point distances (★★☆)"
   ],
   "metadata": {
    "collapsed": false
   }
  },
  {
   "cell_type": "code",
   "execution_count": 43,
   "outputs": [
    {
     "name": "stdout",
     "output_type": "stream",
     "text": [
      "[[0.24875244 0.67944383]\n",
      " [0.25666214 0.27976562]\n",
      " [0.32696835 0.64885136]\n",
      " [0.62705314 0.46099905]\n",
      " [0.00733177 0.01505183]\n",
      " [0.95226566 0.45253204]\n",
      " [0.01772401 0.53994671]\n",
      " [0.00459338 0.4157949 ]\n",
      " [0.11753532 0.6657576 ]\n",
      " [0.87973417 0.8792048 ]]\n",
      "[[0.24875244 0.25666214 0.32696835 0.62705314 0.00733177 0.95226566\n",
      "  0.01772401 0.00459338 0.11753532 0.87973417]] ---- [[0.33719949 0.14655201 0.9051524  0.78569292 0.60820486]\n",
      " [0.79696611 0.13419462 0.01330447 0.49108735 0.25083406]\n",
      " [0.14261698 0.55886675 0.60109178 0.67183704 0.34849283]\n",
      " [0.5896754  0.20261139 0.14714424 0.43152951 0.23631115]\n",
      " [0.58163844 0.20593391 0.04597285 0.72743136 0.10585517]]\n",
      "[[0.         0.39975647 0.08398588 0.43684041 0.70689509 0.73920215\n",
      "  0.26987697 0.35933884 0.13192894 0.66184771]\n",
      " [0.39975647 0.         0.37572231 0.41235307 0.36364683 0.71673739\n",
      "  0.3532501  0.28643084 0.41029999 0.86460748]\n",
      " [0.08398588 0.37572231 0.         0.35403301 0.70983758 0.65539148\n",
      "  0.32786016 0.3977951  0.21011429 0.59884284]\n",
      " [0.43684041 0.41235307 0.35403301 0.         0.76349427 0.32532272\n",
      "  0.61442227 0.62409901 0.54912155 0.48861412]\n",
      " [0.70689509 0.36364683 0.70983758 0.76349427 0.         1.04129197\n",
      "  0.52499775 0.40075243 0.65997184 1.22794393]\n",
      " [0.73920215 0.71673739 0.65539148 0.32532272 1.04129197 0.\n",
      "  0.93862102 0.94838408 0.86153344 0.43279379]\n",
      " [0.26987697 0.3532501  0.32786016 0.61442227 0.52499775 0.93862102\n",
      "  0.         0.12484425 0.16059476 0.92636794]\n",
      " [0.35933884 0.28643084 0.3977951  0.62409901 0.40075243 0.94838408\n",
      "  0.12484425 0.         0.27429407 0.99026266]\n",
      " [0.13192894 0.41029999 0.21011429 0.54912155 0.65997184 0.86153344\n",
      "  0.16059476 0.27429407 0.         0.79152182]\n",
      " [0.66184771 0.86460748 0.59884284 0.48861412 1.22794393 0.43279379\n",
      "  0.92636794 0.99026266 0.79152182 0.        ]]\n",
      "----------\n",
      "[[0.8055029  0.8134729 ]\n",
      " [0.90460437 0.65243917]\n",
      " [0.95321948 0.88875512]\n",
      " [0.74948063 0.534034  ]\n",
      " [0.24300177 0.2465186 ]\n",
      " [0.6004903  0.89443856]\n",
      " [0.54610821 0.40246244]\n",
      " [0.0293895  0.46325788]\n",
      " [0.45052559 0.45306517]\n",
      " [0.50283093 0.49713935]]\n",
      "[[0.         0.18908454 0.16579385 0.28499929 0.7986518  0.22042142\n",
      "  0.48601976 0.85147083 0.50586819 0.43780959]\n",
      " [0.18908454 0.         0.2412647  0.19514907 0.77620198 0.38865031\n",
      "  0.43704447 0.89542762 0.4959209  0.43074347]\n",
      " [0.16579385 0.2412647  0.         0.40906795 0.95753691 0.35277496\n",
      "  0.63420829 1.01710852 0.66522694 0.59683562]\n",
      " [0.28499929 0.19514907 0.40906795 0.         0.58239672 0.38998662\n",
      "  0.24222184 0.72356099 0.3097258  0.24939385]\n",
      " [0.7986518  0.77620198 0.95753691 0.58239672 0.         0.73999886\n",
      "  0.34086947 0.30431253 0.29279279 0.36100131]\n",
      " [0.22042142 0.38865031 0.35277496 0.38998662 0.73999886 0.\n",
      "  0.49497263 0.71559269 0.46615436 0.40912591]\n",
      " [0.48601976 0.43704447 0.63420829 0.24222184 0.34086947 0.49497263\n",
      "  0.         0.52028291 0.10815116 0.10409918]\n",
      " [0.85147083 0.89542762 1.01710852 0.72356099 0.30431253 0.71559269\n",
      "  0.52028291 0.         0.42125942 0.47465223]\n",
      " [0.50586819 0.4959209  0.66522694 0.3097258  0.29279279 0.46615436\n",
      "  0.10815116 0.42125942 0.         0.0683987 ]\n",
      " [0.43780959 0.43074347 0.59683562 0.24939385 0.36100131 0.40912591\n",
      "  0.10409918 0.47465223 0.0683987  0.        ]]\n"
     ]
    }
   ],
   "source": [
    "data = np.random.random((10,2))\n",
    "print(data)\n",
    "X, Y = np.atleast_2d(data[:, 0], data[:, 1])\n",
    "print(X,'----',y)\n",
    "D = np.sqrt((X-X.T)**2 + (Y-Y.T)**2)\n",
    "print(D)\n",
    "print('-'*10)\n",
    "import scipy\n",
    "import scipy.spatial\n",
    "data = np.random.random((10,2))\n",
    "print(data)\n",
    "D = scipy.spatial.distance.cdist(data,data)\n",
    "print(D)"
   ],
   "metadata": {
    "collapsed": false,
    "pycharm": {
     "name": "#%%\n"
    }
   }
  },
  {
   "cell_type": "markdown",
   "source": [
    "#### 53. How to convert a float (32 bits) array into an integer (32 bits) in place?"
   ],
   "metadata": {
    "collapsed": false
   }
  },
  {
   "cell_type": "code",
   "execution_count": 44,
   "outputs": [
    {
     "name": "stdout",
     "output_type": "stream",
     "text": [
      "[0 1 2 3 4 5 6 7 8 9]\n"
     ]
    }
   ],
   "source": [
    "data = np.arange(10, dtype = np.float32)\n",
    "data = data.astype(np.int32, copy = False)\n",
    "print(data)"
   ],
   "metadata": {
    "collapsed": false,
    "pycharm": {
     "name": "#%%\n"
    }
   }
  },
  {
   "cell_type": "markdown",
   "source": [
    "#### 54. How to read the following file? (★★☆)\n",
    "```\n",
    "1, 2, 3, 4, 5\n",
    "6,  ,  , 7, 8\n",
    " ,  , 9,10,11\n",
    "```"
   ],
   "metadata": {
    "collapsed": false
   }
  },
  {
   "cell_type": "code",
   "execution_count": 45,
   "outputs": [
    {
     "name": "stdout",
     "output_type": "stream",
     "text": [
      "[[ 1  2  3  4  5]\n",
      " [ 6 -1 -1  7  8]\n",
      " [-1 -1  9 10 11]]\n"
     ]
    }
   ],
   "source": [
    "from io import StringIO\n",
    "s = StringIO(\"\"\"1, 2, 3, 4, 5\\n 6, , , 7, 8\\n , , 9,10,11\\n\"\"\")\n",
    "data = np.genfromtxt(s, delimiter=\",\", dtype =np.int)\n",
    "print(data)"
   ],
   "metadata": {
    "collapsed": false,
    "pycharm": {
     "name": "#%%\n"
    }
   }
  },
  {
   "cell_type": "markdown",
   "source": [
    "#### 55. What is the equivalent of enumerate for numpy arrays? (★★☆)"
   ],
   "metadata": {
    "collapsed": false
   }
  },
  {
   "cell_type": "code",
   "execution_count": 46,
   "outputs": [
    {
     "name": "stdout",
     "output_type": "stream",
     "text": [
      "[[0 1 2]\n",
      " [3 4 5]\n",
      " [6 7 8]]\n",
      "(0, 0) 0\n",
      "(0, 1) 1\n",
      "(0, 2) 2\n",
      "(1, 0) 3\n",
      "(1, 1) 4\n",
      "(1, 2) 5\n",
      "(2, 0) 6\n",
      "(2, 1) 7\n",
      "(2, 2) 8\n",
      "(0, 0) 0\n",
      "(0, 1) 1\n",
      "(0, 2) 2\n",
      "(1, 0) 3\n",
      "(1, 1) 4\n",
      "(1, 2) 5\n",
      "(2, 0) 6\n",
      "(2, 1) 7\n",
      "(2, 2) 8\n"
     ]
    }
   ],
   "source": [
    "Z = np.arange(9).reshape(3,3)\n",
    "print(Z)\n",
    "for idx, val in np.ndenumerate(Z):\n",
    "    print(idx, val)\n",
    "for idx in np.ndindex(Z.shape):\n",
    "    print(idx, Z[idx])"
   ],
   "metadata": {
    "collapsed": false,
    "pycharm": {
     "name": "#%%\n"
    }
   }
  },
  {
   "cell_type": "markdown",
   "source": [
    "#### 56. Generate a generic 2D Gaussian-like array (★★☆)"
   ],
   "metadata": {
    "collapsed": false
   }
  },
  {
   "cell_type": "code",
   "execution_count": 49,
   "outputs": [
    {
     "name": "stdout",
     "output_type": "stream",
     "text": [
      "[[-1.         -0.77777778 -0.55555556 -0.33333333 -0.11111111  0.11111111\n",
      "   0.33333333  0.55555556  0.77777778  1.        ]\n",
      " [-1.         -0.77777778 -0.55555556 -0.33333333 -0.11111111  0.11111111\n",
      "   0.33333333  0.55555556  0.77777778  1.        ]\n",
      " [-1.         -0.77777778 -0.55555556 -0.33333333 -0.11111111  0.11111111\n",
      "   0.33333333  0.55555556  0.77777778  1.        ]\n",
      " [-1.         -0.77777778 -0.55555556 -0.33333333 -0.11111111  0.11111111\n",
      "   0.33333333  0.55555556  0.77777778  1.        ]\n",
      " [-1.         -0.77777778 -0.55555556 -0.33333333 -0.11111111  0.11111111\n",
      "   0.33333333  0.55555556  0.77777778  1.        ]\n",
      " [-1.         -0.77777778 -0.55555556 -0.33333333 -0.11111111  0.11111111\n",
      "   0.33333333  0.55555556  0.77777778  1.        ]\n",
      " [-1.         -0.77777778 -0.55555556 -0.33333333 -0.11111111  0.11111111\n",
      "   0.33333333  0.55555556  0.77777778  1.        ]\n",
      " [-1.         -0.77777778 -0.55555556 -0.33333333 -0.11111111  0.11111111\n",
      "   0.33333333  0.55555556  0.77777778  1.        ]\n",
      " [-1.         -0.77777778 -0.55555556 -0.33333333 -0.11111111  0.11111111\n",
      "   0.33333333  0.55555556  0.77777778  1.        ]\n",
      " [-1.         -0.77777778 -0.55555556 -0.33333333 -0.11111111  0.11111111\n",
      "   0.33333333  0.55555556  0.77777778  1.        ]] [[-1.         -1.         -1.         -1.         -1.         -1.\n",
      "  -1.         -1.         -1.         -1.        ]\n",
      " [-0.77777778 -0.77777778 -0.77777778 -0.77777778 -0.77777778 -0.77777778\n",
      "  -0.77777778 -0.77777778 -0.77777778 -0.77777778]\n",
      " [-0.55555556 -0.55555556 -0.55555556 -0.55555556 -0.55555556 -0.55555556\n",
      "  -0.55555556 -0.55555556 -0.55555556 -0.55555556]\n",
      " [-0.33333333 -0.33333333 -0.33333333 -0.33333333 -0.33333333 -0.33333333\n",
      "  -0.33333333 -0.33333333 -0.33333333 -0.33333333]\n",
      " [-0.11111111 -0.11111111 -0.11111111 -0.11111111 -0.11111111 -0.11111111\n",
      "  -0.11111111 -0.11111111 -0.11111111 -0.11111111]\n",
      " [ 0.11111111  0.11111111  0.11111111  0.11111111  0.11111111  0.11111111\n",
      "   0.11111111  0.11111111  0.11111111  0.11111111]\n",
      " [ 0.33333333  0.33333333  0.33333333  0.33333333  0.33333333  0.33333333\n",
      "   0.33333333  0.33333333  0.33333333  0.33333333]\n",
      " [ 0.55555556  0.55555556  0.55555556  0.55555556  0.55555556  0.55555556\n",
      "   0.55555556  0.55555556  0.55555556  0.55555556]\n",
      " [ 0.77777778  0.77777778  0.77777778  0.77777778  0.77777778  0.77777778\n",
      "   0.77777778  0.77777778  0.77777778  0.77777778]\n",
      " [ 1.          1.          1.          1.          1.          1.\n",
      "   1.          1.          1.          1.        ]]\n",
      "[[0.36787944 0.44822088 0.51979489 0.57375342 0.60279818 0.60279818\n",
      "  0.57375342 0.51979489 0.44822088 0.36787944]\n",
      " [0.44822088 0.54610814 0.63331324 0.69905581 0.73444367 0.73444367\n",
      "  0.69905581 0.63331324 0.54610814 0.44822088]\n",
      " [0.51979489 0.63331324 0.73444367 0.81068432 0.85172308 0.85172308\n",
      "  0.81068432 0.73444367 0.63331324 0.51979489]\n",
      " [0.57375342 0.69905581 0.81068432 0.89483932 0.9401382  0.9401382\n",
      "  0.89483932 0.81068432 0.69905581 0.57375342]\n",
      " [0.60279818 0.73444367 0.85172308 0.9401382  0.98773022 0.98773022\n",
      "  0.9401382  0.85172308 0.73444367 0.60279818]\n",
      " [0.60279818 0.73444367 0.85172308 0.9401382  0.98773022 0.98773022\n",
      "  0.9401382  0.85172308 0.73444367 0.60279818]\n",
      " [0.57375342 0.69905581 0.81068432 0.89483932 0.9401382  0.9401382\n",
      "  0.89483932 0.81068432 0.69905581 0.57375342]\n",
      " [0.51979489 0.63331324 0.73444367 0.81068432 0.85172308 0.85172308\n",
      "  0.81068432 0.73444367 0.63331324 0.51979489]\n",
      " [0.44822088 0.54610814 0.63331324 0.69905581 0.73444367 0.73444367\n",
      "  0.69905581 0.63331324 0.54610814 0.44822088]\n",
      " [0.36787944 0.44822088 0.51979489 0.57375342 0.60279818 0.60279818\n",
      "  0.57375342 0.51979489 0.44822088 0.36787944]]\n"
     ]
    }
   ],
   "source": [
    "X,Y = np.meshgrid(np.linspace(-1,1, 10) , np.linspace(-1,1,10))\n",
    "print(X,Y)\n",
    "D = np.sqrt(X*X+ Y*Y)\n",
    "sigma, mu = 1.0, 0.0\n",
    "G = np.exp(-((D-mu) ** 2 / (2.0 * sigma**2)))\n",
    "print(G)"
   ],
   "metadata": {
    "collapsed": false,
    "pycharm": {
     "name": "#%%\n"
    }
   }
  },
  {
   "cell_type": "markdown",
   "source": [
    "#### 57. How to randomly place p elements in a 2D array? (★★☆)"
   ],
   "metadata": {
    "collapsed": false
   }
  },
  {
   "cell_type": "code",
   "execution_count": 51,
   "outputs": [
    {
     "name": "stdout",
     "output_type": "stream",
     "text": [
      "[[0. 0. 0. 0. 0. 0. 0. 0. 0. 0.]\n",
      " [0. 0. 0. 0. 1. 0. 0. 0. 0. 0.]\n",
      " [0. 0. 0. 0. 0. 0. 0. 0. 0. 0.]\n",
      " [0. 0. 0. 1. 0. 0. 0. 0. 0. 0.]\n",
      " [0. 0. 0. 0. 0. 0. 0. 0. 0. 0.]\n",
      " [0. 0. 0. 0. 0. 0. 0. 0. 1. 0.]\n",
      " [0. 0. 0. 0. 0. 0. 0. 0. 0. 0.]\n",
      " [0. 0. 0. 0. 0. 0. 0. 0. 0. 0.]\n",
      " [0. 0. 0. 0. 0. 0. 0. 0. 0. 0.]\n",
      " [0. 0. 0. 0. 0. 0. 0. 0. 0. 0.]]\n",
      "[19 78 37]\n"
     ]
    }
   ],
   "source": [
    "n = 10\n",
    "p = 3\n",
    "Z = np.zeros((n,n))\n",
    "np.put(Z, np.random.choice(range(n*n), p , replace= False),1)\n",
    "print(Z)\n",
    "print(np.random.choice(range(n*n), p))"
   ],
   "metadata": {
    "collapsed": false,
    "pycharm": {
     "name": "#%%\n"
    }
   }
  },
  {
   "cell_type": "markdown",
   "source": [
    "#### 58. Subtract the mean of each row of a matrix (★★☆)"
   ],
   "metadata": {
    "collapsed": false
   }
  },
  {
   "cell_type": "code",
   "execution_count": 53,
   "outputs": [
    {
     "name": "stdout",
     "output_type": "stream",
     "text": [
      "[[0.05404847 0.9257326  0.13623747 0.05143688 0.95763995 0.69391903\n",
      "  0.17884909 0.06410484 0.48451861 0.93646143]\n",
      " [0.64023808 0.32744722 0.70130834 0.42782094 0.66924488 0.81458286\n",
      "  0.27196229 0.76624838 0.08932612 0.75001142]\n",
      " [0.51813254 0.9614387  0.19196503 0.06274354 0.22716365 0.28446226\n",
      "  0.85356884 0.69773772 0.8703551  0.66917976]\n",
      " [0.49103181 0.39621477 0.15644282 0.35418055 0.09588538 0.99775695\n",
      "  0.24539176 0.47292452 0.92098391 0.94956088]\n",
      " [0.57099357 0.45306289 0.71185056 0.55001185 0.96834185 0.66276648\n",
      "  0.6526024  0.53681145 0.47662305 0.45164547]]\n",
      "[[-0.39424637  0.47743776 -0.31205737 -0.39685796  0.50934511  0.24562419\n",
      "  -0.26944575 -0.38418999  0.03622377  0.48816659]\n",
      " [ 0.09441903 -0.21837183  0.15548929 -0.11799812  0.12342583  0.2687638\n",
      "  -0.27385676  0.22042933 -0.45649294  0.20419236]\n",
      " [-0.01554218  0.42776398 -0.34170968 -0.47093118 -0.30651106 -0.24921245\n",
      "   0.31989412  0.16406301  0.33668039  0.13550505]\n",
      " [-0.01700553 -0.11182256 -0.35159452 -0.15385679 -0.41215195  0.48971962\n",
      "  -0.26264557 -0.03511281  0.41294658  0.44152354]\n",
      " [-0.03247739 -0.15040807  0.1083796  -0.05345911  0.3648709   0.05929552\n",
      "   0.04913144 -0.06665951 -0.1268479  -0.15182549]]\n",
      "[[-0.39424637  0.47743776 -0.31205737 -0.39685796  0.50934511  0.24562419\n",
      "  -0.26944575 -0.38418999  0.03622377  0.48816659]\n",
      " [ 0.09441903 -0.21837183  0.15548929 -0.11799812  0.12342583  0.2687638\n",
      "  -0.27385676  0.22042933 -0.45649294  0.20419236]\n",
      " [-0.01554218  0.42776398 -0.34170968 -0.47093118 -0.30651106 -0.24921245\n",
      "   0.31989412  0.16406301  0.33668039  0.13550505]\n",
      " [-0.01700553 -0.11182256 -0.35159452 -0.15385679 -0.41215195  0.48971962\n",
      "  -0.26264557 -0.03511281  0.41294658  0.44152354]\n",
      " [-0.03247739 -0.15040807  0.1083796  -0.05345911  0.3648709   0.05929552\n",
      "   0.04913144 -0.06665951 -0.1268479  -0.15182549]]\n"
     ]
    }
   ],
   "source": [
    "X = np.random.rand(5,10)\n",
    "print(X)\n",
    "Y = X - X.mean(axis = 1, keepdims = True)\n",
    "print(Y)\n",
    "Y = X - X.mean(axis=1).reshape(-1,1)\n",
    "print(Y)"
   ],
   "metadata": {
    "collapsed": false,
    "pycharm": {
     "name": "#%%\n"
    }
   }
  },
  {
   "cell_type": "markdown",
   "source": [
    "#### 59. How to sort an array by the nth column? (★★☆)"
   ],
   "metadata": {
    "collapsed": false
   }
  },
  {
   "cell_type": "code",
   "execution_count": 54,
   "outputs": [
    {
     "name": "stdout",
     "output_type": "stream",
     "text": [
      "[[2 6 5]\n",
      " [9 0 1]\n",
      " [5 8 2]]\n",
      "[[9 0 1]\n",
      " [2 6 5]\n",
      " [5 8 2]]\n"
     ]
    }
   ],
   "source": [
    "data = np.random.randint(0,10,(3,3))\n",
    "print(data)\n",
    "print(data[data[:,1].argsort()])"
   ],
   "metadata": {
    "collapsed": false,
    "pycharm": {
     "name": "#%%\n"
    }
   }
  },
  {
   "cell_type": "markdown",
   "source": [
    "#### 60. How to tell if a given 2D array has null columns? (★★☆)"
   ],
   "metadata": {
    "collapsed": false
   }
  },
  {
   "cell_type": "code",
   "execution_count": 55,
   "outputs": [
    {
     "name": "stdout",
     "output_type": "stream",
     "text": [
      "False\n"
     ]
    }
   ],
   "source": [
    "data = np.random.randint(0,10,(3,3))\n",
    "print((~data.any(axis=0)).any())"
   ],
   "metadata": {
    "collapsed": false,
    "pycharm": {
     "name": "#%%\n"
    }
   }
  },
  {
   "cell_type": "markdown",
   "source": [
    "#### 61. Find the nearest value from a given value in an array (★★☆)"
   ],
   "metadata": {
    "collapsed": false
   }
  },
  {
   "cell_type": "code",
   "execution_count": 58,
   "outputs": [
    {
     "name": "stdout",
     "output_type": "stream",
     "text": [
      "[0.00651765 0.28536599 0.74120625 0.2225963  0.88076757 0.07296534\n",
      " 0.53322303 0.5091635  0.49344751 0.21306101]\n",
      "[0.49348235 0.21463401 0.24120625 0.2774037  0.38076757 0.42703466\n",
      " 0.03322303 0.0091635  0.00655249 0.28693899]\n",
      "8\n",
      "0.4934475111988952\n"
     ]
    }
   ],
   "source": [
    "data = np.random.uniform(0,1,10)\n",
    "print(data)\n",
    "z = 0.5\n",
    "print(np.abs(data-z))\n",
    "print(np.abs(data-z).argmin())\n",
    "m = data.flat[np.abs(data-z).argmin()]\n",
    "print(m)"
   ],
   "metadata": {
    "collapsed": false,
    "pycharm": {
     "name": "#%%\n"
    }
   }
  },
  {
   "cell_type": "markdown",
   "source": [
    "#### 62. Considering two arrays with shape (1,3) and (3,1), how to compute their sum using an iterator? (★★☆)"
   ],
   "metadata": {
    "collapsed": false
   }
  },
  {
   "cell_type": "code",
   "execution_count": 59,
   "outputs": [
    {
     "name": "stdout",
     "output_type": "stream",
     "text": [
      "[[0]\n",
      " [1]\n",
      " [2]] [[0 1 2]]\n",
      "[[0 1 2]\n",
      " [1 2 3]\n",
      " [2 3 4]]\n"
     ]
    }
   ],
   "source": [
    "A = np.arange(3).reshape(3,1)\n",
    "B = np.arange(3).reshape(1,3)\n",
    "print(A, B)\n",
    "it = np.nditer([A,B, None])\n",
    "for x,y,z in it:\n",
    "    z[...] = x+y\n",
    "print(it.operands[2])"
   ],
   "metadata": {
    "collapsed": false,
    "pycharm": {
     "name": "#%%\n"
    }
   }
  },
  {
   "cell_type": "markdown",
   "source": [
    "#### 63. Create an array class that has a name attribute (★★☆)"
   ],
   "metadata": {
    "collapsed": false
   }
  },
  {
   "cell_type": "code",
   "execution_count": 60,
   "outputs": [
    {
     "name": "stdout",
     "output_type": "stream",
     "text": [
      "range_10\n"
     ]
    }
   ],
   "source": [
    "class NameArray(np.ndarray):\n",
    "    def __new__(cls, array, name =\"no name\"):\n",
    "        obj = np.asarray(array).view(cls)\n",
